      141.430      239.061  9.82668e+06  0.000113936  0.000115014      637.443
     0.996321
      263.861      245.281  7.33411e+06  0.000151528  0.000154743      637.447
     0.969543
      231.013      322.385  6.63446e+06  0.000166899  0.000171180      637.859
     0.993553
      238.179      88.8358  3.26045e+06  0.000340814  0.000348193      635.069
     0.974408
      278.139      274.960  1.83084e+06  0.000604983  0.000615734      633.908
     0.990596
      29.2161      101.447  1.56966e+06  0.000727932  0.000730817      730.271
     0.977843
      102.227      189.376  1.18547e+06  0.000941356  0.000959988      639.604
     0.971068
      92.1718      178.628      756441.   0.00148714   0.00148210      730.325
     0.979024
      302.963      15.4784      727080.   0.00200122   0.00179890      755.553
     0.997202
      248.209      279.699      693804.   0.00145233   0.00161386      733.493
     0.964369
      141.666      175.443      676130.   0.00166256   0.00168440      642.058
     0.984334
      340.407      329.580      649285.   0.00173176   0.00177557      639.746
     0.993282
      256.091      5.81260      639683.   0.00337983   0.00271329      1488.73
     0.991402
      99.0570      359.173      512886.   0.00215544   0.00220224      634.954
     0.986660
      230.222      63.1055      495863.   0.00224372   0.00227676      635.695
     0.975615
      160.525      357.703      494632.   0.00227716   0.00235802      692.070
     0.981529
      188.390      324.501      472725.   0.00314486   0.00273199      745.857
     0.995510
      87.1532      35.7623      471526.   0.00225208   0.00244632      736.902
     0.961753
      181.320      21.0771      449710.   0.00248423   0.00251165      636.576
     0.981391
      193.195      151.757      428628.   0.00269052   0.00273959      726.650
     0.960973
      331.614      281.048      414846.   0.00270666   0.00272552      644.553
     0.990751
      196.946      215.614      409766.   0.00251970   0.00283322      740.019
     0.993628
      332.872      67.3781      389279.   0.00285605   0.00292021      638.641
     0.985665
      301.836      183.761      373040.   0.00227421   0.00234903      810.106
     0.961245
      14.9179      100.217      349537.   0.00295126   0.00326113      720.702
     0.976309
      203.194      292.663      336437.   0.00331318   0.00341009      636.848
     0.971397
      79.7875      20.1350      335556.   0.00332004   0.00336721      636.248
     0.971431
      4.08462      251.543      335365.   0.00239932   0.00351803      747.528
     0.996423
      89.6002      216.393      304937.   0.00369367   0.00374083      642.287
     0.989686
      153.699      171.914      287537.   0.00389272   0.00393757      636.444
     0.975682
      248.952      195.940      263178.   0.00419764   0.00428316      633.323
     0.996845
      117.620      48.2606      258159.   0.00435452   0.00440651      640.293
     0.965989
      308.223      29.6214      258009.   0.00418360   0.00450113      734.531
     0.969320
      203.742      56.2676      246069.   0.00454701   0.00461859      638.847
     0.953334
      238.373      363.822      234685.   0.00486102   0.00358145      778.856
     0.976607
      316.424      357.984      232939.   0.00480573   0.00485211      637.022
     0.996367
      342.676      277.911      230147.   0.00375670   0.00498327      745.318
     0.979090
      306.774      152.556      230145.   0.00486366   0.00500074      638.152
     0.976698
      54.1741      292.918      226346.   0.00511250   0.00799108      821.737
     0.982525
      102.137      156.959      218360.   0.00523992   0.00365696      747.346
     0.990916
      68.2901      347.886      218282.   0.00511803   0.00377484      791.823
     0.973062
      93.9881      60.6630      217130.   0.00510245   0.00527518      635.435
     0.986130
      328.491      50.0746      213679.   0.00523699   0.00529106      637.869
     0.997735
      323.177      36.2759      208672.   0.00532958   0.00544037      637.607
     0.962834
      61.5578      54.2392      204856.   0.00549040   0.00555097      640.521
     0.974287
      167.370      142.274      193765.   0.00578680   0.00587282      639.835
     0.969173
      75.0858      331.182      188377.   0.00425930   0.00621933      745.077
     0.978330
      143.534      295.154      188325.   0.00650725   0.00671430      696.499
     0.987180
      40.0048      230.798      187713.   0.00987442    0.0149317      2429.74
     0.989736
      80.6955      345.031      187076.   0.00614744   0.00641082      690.288
     0.972661
      214.965      206.924      185202.   0.00734346   0.00629152      704.507
     0.991529
      93.2079      151.154      184037.   0.00409348   0.00615828      813.041
     0.969303
      219.728      57.2655      178203.   0.00628160   0.00637675      639.008
     0.949734
      129.210      170.558      176681.    0.0141843    0.0107602      1867.79
     0.939018
      275.857      227.393      175859.   0.00472598   0.00661544      750.525
     0.983527
      169.765      248.357      172026.   0.00650100   0.00661675      639.786
     0.970368
      238.244      107.469      169769.   0.00851886   0.00699976      719.870
     0.974782
      152.438      347.538      166087.   0.00677222   0.00694370      640.094
     0.996680
      292.049      261.329      162728.   0.00680342   0.00697545      637.243
     0.985251
      48.4843      310.287      159214.   0.00704646   0.00715426      640.809
     0.979110
      35.8250      94.3682      158696.   0.00674538   0.00708543      789.980
     0.977582
      270.779      170.302      152399.   0.00730204   0.00664792      713.681
     0.950695
      161.838      258.087      150893.   0.00735978   0.00747339      634.995
     0.984913
      261.004      315.571      147248.    0.0130670    0.0167099      2220.90
     0.981766
      161.579      80.7984      143661.   0.00782857   0.00794397      638.724
     0.978988
      118.243      347.907      140050.   0.00708003   0.00860442      833.690
     0.969391
      294.209      322.859      139025.    0.0156265   0.00915743      999.889
     0.972005
      150.548      319.408      136884.   0.00832169   0.00846397      758.296
     0.989709
      300.701      321.213      135751.    0.0121819   0.00854725      749.320
     0.960212
      313.751      53.2391      130862.   0.00913271   0.00582488      781.696
     0.952682
      165.565      116.968      124077.    0.0103808   0.00888314      707.355
     0.994684
      37.1095      265.564      118592.   0.00937024   0.00968945      636.489
     0.991868
      179.485      9.85894      112867.   0.00992494    0.0100723      637.899
     0.990433
      225.488      251.721      110989.    0.0101133    0.0103348      639.205
     0.978417
      171.742      278.823      110099.    0.0102207   0.00983711      717.106
     0.979189
      363.686      80.0956      107773.    0.0109144   0.00771464      766.634
     0.984719
      283.487      155.548      107143.    0.0224293    0.0118006      1288.61
     0.994225
      58.4483      258.883      107092.    0.0104620    0.0106002      637.543
     0.993637
      302.143      91.0999      106197.   0.00974975   0.00787004      802.814
     0.988278
      316.806      304.976      105559.    0.0108729   0.00756020      732.624
     0.977276
      26.5181      219.999      105226.    0.0111029   0.00783669      761.747
     0.996832
      188.714      82.2075      104702.    0.0106930    0.0108336      638.316
     0.956197
      211.186      185.640      103303.    0.0107889    0.0111147      636.913
     0.972053
      125.726      253.190      100643.   0.00733741    0.0118381      763.410
     0.962812
      72.2319      105.545      99375.4    0.0112515    0.0115845      637.933
     0.973103
      289.854      3.19866      98138.6    0.0113736    0.0117980      668.983
     0.971395
      302.026      52.2645      97795.3    0.0113127    0.0115901      636.223
     0.971584
      118.084      32.4954      94375.4    0.0117535    0.0120106      639.136
     0.993107
      274.781      359.631      94118.0    0.0118800    0.0122073      637.703
     0.970966
      59.8557      178.115      93609.4    0.0119427    0.0116253      707.308
     0.965928
      285.721      23.3741      93025.7    0.0240796    0.0163402      1216.36
     0.980401
      61.3356      269.785      90452.4    0.0123823    0.0126191      637.444
     0.966041
      202.937      100.194      88152.4    0.0125567    0.0128291      635.376
     0.978488
      256.747      96.4536      87485.2    0.0128015    0.0130025      641.069
     0.969944
      95.8153      144.833      87377.3    0.0133873    0.0107919      781.266
     0.960420
      231.645      118.223      85776.3    0.0131038    0.0132546      639.436
     0.956659
      232.120      31.2090      84431.8    0.0131334    0.0134109      635.968
     0.971490
      254.228      7.10328      83840.9    0.0255504    0.0206355      1564.63
     0.894290
      115.162      244.666      83066.9    0.0138333    0.0135314      743.922
     0.977343
      192.920      254.268      83021.4   0.00995354    0.0141887      793.005
     0.963759
      94.6642      174.709      80834.2    0.0139268    0.0143723      643.406
     0.953846
      136.453      188.475      80241.0    0.0145373    0.0228578      798.762
     0.986471
      191.750      189.715      78340.0    0.0217707    0.0192091      918.576
     0.957942
      298.946      278.262      78304.0    0.0194835    0.0193504      839.541
     0.969428
      255.642      247.120      77673.3    0.0149415    0.0116505      739.764
     0.962857
      200.166      190.042      76219.3    0.0145523    0.0147841      634.420
     0.981337
      122.032      119.083      74945.9    0.0278887    0.0264296      1379.03
     0.954211
      148.043      143.029      74921.1    0.0164537    0.0157269      689.849
     0.985587
      169.291      286.011      72736.0    0.0153394    0.0155156      635.780
     0.970539
      248.250      259.379      71570.9    0.0137488    0.0159174      776.211
     0.952180
      357.927      307.665      71076.9    0.0156093    0.0161174      635.739
     0.982622
      45.3631      57.2921      70984.6    0.0192851    0.0179506      699.412
     0.951674
      127.412      169.351      69317.2    0.0136288    0.0161325      742.469
     0.906770
      359.108      274.364      69265.8    0.0162054    0.0131488      728.272
     0.983291
      203.994      10.9730      68734.2    0.0160577    0.0163798      633.108
     0.995190
      160.667      164.188      65933.6    0.0139677    0.0117135      816.210
     0.965839
      244.819      334.385      64603.8    0.0172596    0.0176072      639.383
     0.976067
      257.959      214.166      64424.3    0.0159546    0.0176252      753.648
     0.980762
      60.9940      229.297      62625.9    0.0176752    0.0181199      636.699
     0.972180
      199.370      61.8629      62450.9    0.0179502    0.0182099      637.082
     0.981386
      215.411      336.475      62417.2    0.0180165    0.0182580      642.548
     0.988635
      258.493      297.909      62241.6    0.0194704    0.0185466      706.455
     0.987074
      191.036      240.878      60512.7    0.0182056    0.0176385      709.521
     0.972814
      329.055      248.692      60251.2    0.0183896    0.0189869      635.306
     0.982203
      40.4615      4.54040      60084.9    0.0187470    0.0193653      649.366
     0.993714
      222.992      102.632      58769.1    0.0177691    0.0193215      720.766
     0.987154
      250.712      28.4692      58440.1    0.0192039    0.0194684      641.681
     0.980096
      259.015      80.8887      57790.9    0.0191109    0.0195522      633.423
     0.986039
      23.7223      312.042      57536.3    0.0194259    0.0196184      636.193
     0.969916
      143.721      92.0742      57280.9    0.0195116    0.0197104      636.469
     0.974928
      121.979      239.415      56872.1    0.0194789    0.0199676      638.239
     0.967715
      27.1161      110.277      56795.4    0.0195312    0.0199794      636.961
     0.977523
      22.9442      296.564      56670.4    0.0209830    0.0251102      711.525
     0.921854
      275.159      71.0936      56453.1    0.0196439    0.0199749      634.798
     0.974058
      142.248      303.948      56416.7    0.0290319    0.0203207      737.834
     0.934111
      103.922      211.590      55989.5    0.0198402    0.0205178      636.245
     0.982285
      167.972      354.409      54325.8    0.0203986    0.0209109      638.186
     0.985108
      181.926      342.402      54306.1    0.0204360    0.0209291      638.403
     0.984302
      83.2516      60.4953      54078.2    0.0206702    0.0210024      640.990
     0.974078
      248.920      264.261      54054.0    0.0205256    0.0212381      639.308
     0.953499
      64.7809      190.729      53901.7    0.0246529    0.0209685      726.806
     0.965145
      179.738      48.4365      53384.6    0.0209814    0.0213107      641.081
     0.966560
      122.616      167.529      52853.2    0.0215729    0.0218467      641.797
     0.900506
      254.132      164.171      52252.2    0.0212337    0.0216514      635.533
     0.978512
      175.422      96.4666      51313.8    0.0140206    0.0241664      796.957
     0.991237
      129.860      82.7232      50423.5    0.0220516    0.0226640      635.905
     0.959542
      20.5120      354.779      49272.6    0.0262413    0.0228313      708.329
     0.969433
      305.611      13.5727      49122.6    0.0230973    0.0187158      724.838
     0.845652
      78.8067      224.585      48604.1    0.0229885    0.0236668      637.602
     0.969291
      131.829      5.21130      48232.7    0.0231213    0.0236456      642.795
     0.957051
      251.187      47.6831      46002.8    0.0166918    0.0263060      797.961
     0.966098
      139.304      359.277      45868.4    0.0246311    0.0255790      716.755
     0.969658
      32.7590      347.407      44684.5    0.0247992    0.0257008      793.303
     0.968343
      95.1634      86.3591      43933.9    0.0253209    0.0258835      638.613
     0.963980
      156.154      297.534      43433.3    0.0230863    0.0259555      778.920
     0.979365
      93.3257      340.119      43079.6    0.0259420    0.0262452      637.107
     0.968437
      260.573      350.631      43010.3    0.0262088    0.0267792      640.257
     0.979588
      359.335      72.8174      42578.1    0.0263044    0.0267632      637.139
     0.928766
      198.827      316.383      41663.7    0.0267197    0.0272652      639.290
     0.964608
      280.821      87.3935      41464.0    0.0181355    0.0290834      759.069
     0.955331
      181.403      158.996      41163.7    0.0271974    0.0274560      636.884
     0.977256
      84.1540      66.4845      40876.4    0.0272128    0.0277614      639.731
     0.978600
      70.5378      190.171      40800.2    0.0275662    0.0278221      639.615
     0.953526
      183.490      238.677      40745.5    0.0174980    0.0296736      821.998
     0.978962
      271.609      166.152      40687.0    0.0277376    0.0288331      641.910
     0.977519
      280.133      342.372      40631.6    0.0249556    0.0280864      724.382
     0.971458
      48.0958      227.163      40321.3    0.0277077    0.0282704      635.004
     0.976255
      345.685      132.816      40225.0    0.0215664    0.0283503      742.283
     0.964534
      196.624      280.654      40182.8    0.0455294    0.0311569      865.708
     0.946946
      13.6983      304.835      40081.1    0.0279539    0.0283801      637.033
     0.967025
      306.774      9.49877      39741.5    0.0282544    0.0289879      644.347
     0.972711
      238.758      121.783      39507.7    0.0281207    0.0289591      720.056
     0.943599
      77.1351      249.130      39021.2    0.0284289    0.0289548      634.980
     0.979154
      114.933      15.8770      38876.4    0.0284529    0.0290937      633.788
     0.987760
      354.388      190.355      38821.8    0.0263262    0.0190582      824.938
     0.973476
      137.052      162.815      38774.6    0.0343390    0.0344671      720.907
     0.909939
      317.752      64.7109      38737.0    0.0198156    0.0236728      818.181
     0.950415
      221.633      90.9862      38384.1    0.0329681    0.0303363      720.248
     0.959030
      182.286      28.3446      38331.5    0.0291905    0.0297087      639.934
     0.959388
      26.6046      16.2014      38296.8    0.0246186    0.0201711      816.824
     0.976943
      107.515      156.018      38041.2    0.0294991    0.0297069      638.160
     0.966882
      197.723      163.952      37823.5    0.0371698    0.0303012      735.531
     0.974905
      244.369      255.575      37538.2    0.0300105    0.0307727      648.141
     0.978718
      162.476      177.828      37492.4    0.0299030    0.0303881      638.122
     0.982825
      128.434      186.972      37340.9    0.0310212    0.0214909      738.695
     0.983102
      32.3346      98.0067      37290.6    0.0302728    0.0308168      643.841
     0.811135
      211.191      147.939      37283.0    0.0300251    0.0282292      734.236
     0.952767
      171.315      74.6189      37257.1    0.0301005    0.0308910      638.628
     0.948735
      64.8456      167.299      37240.6    0.0304008    0.0264274      744.171
     0.946209
      340.594      133.649      37199.4    0.0305595    0.0309292      640.546
     0.974127
      210.995      81.0963      37102.6    0.0297552    0.0303562      633.829
     0.991476
      265.290      137.495      36963.4    0.0304799    0.0307515      745.804
     0.950379
      254.636      184.369      36756.8    0.0306372    0.0310489      641.634
     0.958846
      40.9294      155.235      36718.3    0.0301585    0.0308416      636.067
     0.964077
      143.381      292.415      36649.0    0.0333314    0.0628345      1137.39
     0.827140
      26.0110      290.147      36589.8    0.0350324    0.0493705      818.990
     0.928254
      180.313      259.891      36551.5    0.0439503    0.0322447      747.619
     0.900503
      126.993      224.928      36540.8    0.0225702    0.0223344      818.685
     0.952937
      121.954      276.702      36491.1    0.0303684    0.0313357      635.244
     0.959668
      263.594      281.685      36256.9    0.0310038    0.0316311      639.667
     0.957849
      158.526      231.094      36148.8    0.0310749    0.0313112      638.729
     0.963448
      93.8604      156.483      36103.4    0.0308606    0.0318205      637.077
     0.973889
      253.439      258.265      36007.2    0.0380678    0.0361791      798.440
     0.910754
      87.0032      258.084      35609.8    0.0310052    0.0316257      633.695
     0.991786
      209.707      209.377      35607.1    0.0316687    0.0320509      642.723
     0.954370
      155.620      316.728      35372.9    0.0533506    0.0477379      980.600
     0.830878
      292.482      86.9169      35287.2    0.0317458    0.0321317      637.498
     0.976726
      244.017      245.433      34855.4    0.0315729    0.0323628      638.330
     0.900529
      338.450      108.595      34800.6    0.0323125    0.0331276      639.970
     0.983810
      106.906      289.695      34794.3    0.0319086    0.0328904      635.667
     0.971325
      15.3760      355.810      34789.2    0.0325415    0.0327898      638.999
     0.973110
      280.779      212.403      34603.4    0.0325036    0.0329125      645.304
     0.977186
      171.912      216.589      34525.5    0.0236975    0.0289480      814.910
     0.973341
      91.3010      10.6472      34421.9    0.0328514    0.0334716      726.343
     0.944221
      141.200      363.224      34199.8    0.0329520    0.0353873      662.076
     0.953098
      255.585      17.7813      34185.5    0.0356057    0.0329105      712.683
     0.965480
      300.070      115.468      34100.5    0.0325124    0.0332688      638.862
     0.984036
      185.568      59.0850      33816.6    0.0408935    0.0336368      716.202
     0.923382
      344.256      60.4807      33796.6    0.0333155    0.0278407      739.830
     0.969724
      14.3442      269.017      33793.7    0.0222653    0.0257445      835.594
     0.972557
      11.1970      35.1704      33741.3    0.0328278    0.0305038      708.998
     0.921100
      196.691      304.177      33678.2    0.0457629    0.0341414      757.034
     0.962481
      219.898      138.961      33677.3    0.0328349    0.0334308      633.698
     0.974628
      148.733      99.0185      33649.8    0.0331880    0.0335299      635.907
     0.957173
      12.4623      30.9499      33149.7    0.0338579    0.0350524      639.136
     0.979725
      349.860      289.259      33060.3    0.0336086    0.0343044      637.126
     0.950357
      127.863      121.962      32822.7    0.0427647    0.0344654      731.893
     0.946546
      214.538      255.074      32671.1    0.0353952    0.0528502      771.567
     0.948471
      312.303      26.9156      32564.3    0.0345156    0.0348077      639.384
     0.949429
      273.302      298.387      32350.7    0.0346436    0.0352377      640.679
     0.954432
      140.261      260.659      32260.1    0.0347159    0.0356507      637.723
     0.917765
      61.2883      190.303      32169.2    0.0426268    0.0358458      683.482
     0.954152
      193.048      236.566      32076.0    0.0345957    0.0361831      638.805
     0.976748
      176.070      132.710      32060.9    0.0502210    0.0395865      779.019
     0.913414
      245.217      160.345      31915.4    0.0350225    0.0357355      639.075
     0.947139
      355.357      252.484      31907.3    0.0351789    0.0356583      642.145
     0.977280
      14.3809      335.510      31830.4    0.0353164    0.0362066      639.681
     0.974695
      162.309      205.697      31739.0    0.0281484    0.0280288      811.534
     0.951583
      220.165      189.639      31198.6    0.0357588    0.0368678      636.710
     0.968932
      285.711      309.962      31129.6    0.0359256    0.0362966      636.113
     0.980454
      57.5237      181.804      31109.2    0.0364306    0.0375036      642.661
     0.947563
      86.2798      125.590      31037.8    0.0374104    0.0413369      710.846
     0.925550
      238.095      4.77885      30535.4    0.0363655    0.0374888      642.570
     0.956459
      21.5842      118.833      30363.3    0.0370254    0.0375046      638.349
     0.975638
      340.641      15.7262      30303.2    0.0371191    0.0378298      638.788
     0.948483
      150.029      63.3795      30204.9    0.0366587    0.0375977      637.816
     0.974129
      233.992      252.345      30182.2    0.0366747    0.0376149      637.370
     0.969521
      194.524      176.146      30106.6    0.0373543    0.0376797      639.324
     0.963662
      75.9474      336.781      30042.2    0.0369880    0.0380202      634.526
     0.959670
      130.921      252.207      29981.3    0.0372263    0.0377462      637.129
     0.950596
      266.540      99.4129      29787.8    0.0377983    0.0382701      642.990
     0.989472
      245.863      238.340      29602.5    0.0377892    0.0386237      638.277
     0.823980
      104.059      221.591      29297.8    0.0378845    0.0392145      636.014
     0.978791
      40.8525      232.458      29281.3    0.0639042    0.0927727      2584.81
     0.771658
      158.358      195.898      29144.3    0.0383941    0.0388925      636.714
     0.960976
      279.546      313.007      28893.8    0.0388708    0.0391333      637.929
     0.974435
      193.403      114.335      28537.2    0.0411922    0.0548667      741.138
     0.950159
      211.276      322.773      28491.8    0.0405016    0.0435682      696.585
     0.872802
      178.254      153.285      28400.0    0.0393252    0.0400372      638.698
     0.938689
      249.428      231.105      28360.0    0.0404605    0.0391340      707.906
     0.962398
      259.918      313.964      28278.8    0.0694836    0.0883264      2256.06
     0.770496
      239.350      184.702      28042.0    0.0400107    0.0409238      638.396
     0.909330
      139.335      160.541      27976.4    0.0484143    0.0495305      735.072
     0.892383
      83.0612      341.679      27972.4    0.0405850    0.0433968      645.595
     0.956570
      133.973      56.8830      27933.7    0.0435229    0.0410543      727.607
     0.889926
      103.740      162.275      27814.9    0.0402442    0.0411120      642.754
     0.939878
      334.893      23.8422      27805.9    0.0399094    0.0408263      634.423
     0.968204
      152.268      293.504      27745.6    0.0404698    0.0415800      647.038
     0.956031
      47.3807      327.773      27719.0    0.0404714    0.0412400      638.011
     0.974198
      37.8467      29.2600      27711.5    0.0401255    0.0409348      637.308
     0.939896
      188.347      256.633      27534.8    0.0268401    0.0445442      799.385
     0.954785
      291.439      243.769      27331.2    0.0414253    0.0488019      705.137
     0.966747
      223.573      243.834      27202.7    0.0413439    0.0418754      638.441
     0.964664
      150.403      177.650      27184.2    0.0413382    0.0423315      639.307
     0.956161
      18.7309      83.0283      27153.9    0.0357899    0.0392604      805.293
     0.944966
      280.960      171.997      27043.2    0.0408313    0.0416145      633.243
     0.985963
      64.6281      259.349      26973.4    0.0417063    0.0422604      641.476
     0.952119
      218.846      39.1760      26915.7    0.0280143    0.0439212      752.462
     0.899688
      61.5260      102.904      26860.3    0.0523920    0.0536124      755.282
     0.886105
      149.669      113.709      26661.1    0.0421583    0.0430279      638.613
     0.951870
      342.252      54.8894      26555.0    0.0475995    0.0434226      724.054
     0.954784
      73.8993      60.6374      26554.0    0.0418422    0.0432015      636.183
     0.964518
      141.148      125.006      26483.6    0.0307249    0.0413029      812.412
     0.972687
      248.966      178.621      26341.5    0.0421085    0.0435689      635.800
     0.965146
      64.3747      72.1304      26312.9    0.0425478    0.0430189      637.761
     0.924788
      232.345      157.838      26300.4    0.0425933    0.0432796      637.045
     0.947169
      54.6948      319.995      26208.2    0.0427028    0.0430918      636.342
     0.968057
      328.279      320.405      26155.3    0.0427847    0.0435420      640.584
     0.951986
      313.958      320.912      26013.4    0.0424667    0.0433821      633.411
     0.973814
      127.196      191.629      25983.3    0.0429967    0.0444355      638.516
     0.933818
      183.395      354.102      25932.3    0.0431330    0.0435735      637.596
     0.975545
      24.6562      292.976      25852.0    0.0527074    0.0777005      755.361
     0.902811
      165.611      273.325      25627.5    0.0439404    0.0445056      641.329
     0.961044
      182.980      123.681      25341.0    0.0437378    0.0451849      635.302
     0.959695
      355.272      350.629      25221.8    0.0340366    0.0462914      809.918
     0.947961
      326.688      303.907      25206.6    0.0444263    0.0449337      636.634
     0.966654
      270.336      49.8361      25116.8    0.0445565    0.0452884      636.961
     0.941102
      176.175      116.598      25085.5    0.0330650    0.0467844      743.956
     0.932377
      232.182      108.842      25033.2    0.0445101    0.0454445      635.005
     0.932191
      216.484      308.127      24970.7    0.0476031    0.0309116      757.162
     0.954886
      311.408      47.9527      24946.2    0.0451538    0.0460065      729.813
     0.932350
      259.590      335.395      24878.7    0.0454294    0.0460050      642.392
     0.965945
      262.562      140.887      24750.0    0.0459898    0.0469525      642.533
     0.944938
      313.150      331.045      24748.0    0.0447776    0.0455187      634.260
     0.974574
      14.3833      241.688      24736.5    0.0463418    0.0455668      717.571
     0.919733
      289.440      71.5161      24726.4    0.0454989    0.0466405      640.141
     0.983620
      46.9528      118.668      24612.2    0.0450294    0.0465208      635.533
     0.963386
      354.530      209.342      24589.7    0.0483634    0.0574850      1058.79
     0.910460
      297.018      321.985      24534.7     0.107661    0.0535816      882.757
     0.926895
      276.492      30.7325      24485.3    0.0458815    0.0468733      639.144
     0.935155
      125.447      289.776      24317.1    0.0461448    0.0470072      638.485
     0.963199
      219.630      180.638      24268.1    0.0297857    0.0506109      772.974
     0.964652
      254.927      111.301      24203.6    0.0547518    0.0472355      734.538
     0.895409
      214.420      143.626      23961.8    0.0470150    0.0482738      642.851
     0.962108
      262.542      40.7136      23896.7    0.0471322    0.0480278      639.829
     0.937533
      98.2944      320.322      23815.5    0.0469870    0.0478015      639.805
     0.974840
      190.373      154.800      23761.8    0.0484522    0.0498987      648.695
     0.896038
      285.738      87.3551      23706.6    0.0476109    0.0480631      641.326
     0.883199
      168.285      155.438      23699.2    0.0475720    0.0483772      640.970
     0.953819
      251.260      339.774      23573.1    0.0474054    0.0484409      636.651
     0.934598
      223.249      75.4830      23565.1    0.0474358    0.0482259      640.894
     0.961317
      122.229      229.882      23481.4    0.0474330    0.0482701      645.349
     0.926627
      218.225      205.454      23385.8    0.0484566    0.0404269      768.765
     0.934187
      346.622      148.441      23279.3    0.0483148    0.0489072      642.524
     0.976629
      159.203      55.3239      23259.3    0.0482890    0.0492862      638.586
     0.932234
      242.715      102.783      23240.5    0.0517338    0.0668649      741.832
     0.904251
      306.029      303.981      23057.6    0.0478459    0.0461240      754.497
     0.955016
      245.664      153.202      22778.7    0.0577075    0.0502001      703.096
     0.888315
      235.560      53.2077      22732.9    0.0494982    0.0500017      640.005
     0.961460
      21.2239      152.991      22721.7    0.0489468    0.0496321      634.898
     0.956047
      196.167      346.804      22544.3    0.0492558    0.0504278      635.229
     0.966456
      201.421      199.184      22519.0    0.0952625    0.0549188      1027.68
     0.912179
      342.779      196.517      22489.7    0.0497175    0.0511165      638.153
     0.971951
      340.251      29.7010      22461.1    0.0497812    0.0510588      637.237
     0.921707
      138.988      303.785      22438.9    0.0714322    0.0516889      742.368
     0.933073
      42.6315      59.3625      22408.0    0.0602833    0.0568668      701.429
     0.957051
      323.100      7.10627      22390.7    0.0494418    0.0503827      634.358
     0.968543
      357.517      138.058      22309.0    0.0823601    0.0564361      845.177
     0.818459
      262.733      119.676      22260.0    0.0505011    0.0519345      641.949
     0.925324
      123.139      21.0998      22058.6    0.0502336    0.0511211      634.657
     0.955712
      170.205      68.3857      22022.5    0.0506478    0.0516870      639.467
     0.954184
      40.8273      282.458      21536.6    0.0518116    0.0528042      639.981
     0.922730
      316.704      211.181      21247.3    0.0554291    0.0544831      699.411
     0.905177
      247.173      44.8153      21237.4    0.0720620    0.0909992      926.149
     0.861042
      137.479      57.7900      21185.7    0.0527498    0.0515194      780.965
     0.958451
      230.084      73.8872      21040.1    0.0525745    0.0537408      633.724
     0.955728
      245.287      361.176      20971.2    0.0532494    0.0540111      637.438
     0.952903
      305.163      298.370      20908.8    0.0532310    0.0544142      638.735
     0.949447
      241.243      266.795      20901.9    0.0533222    0.0544646      636.263
     0.937012
      61.8747      334.442      20847.1    0.0547136    0.0756424      749.305
     0.919433
      136.926      92.1233      20815.4    0.0531336    0.0541695      634.481
     0.959314
      220.763      335.386      20668.2    0.0541524    0.0551104      640.173
     0.936358
      207.383      300.610      20327.8    0.0554295    0.0568196      639.370
     0.965045
      212.203      126.554      20177.3    0.0956624    0.0678767      1030.71
     0.746995
      217.548      36.2065      20038.3    0.0602472    0.0757746      760.711
     0.924199
      94.5006      14.1275      19956.6    0.0571468    0.0577732      642.771
     0.948159
      163.573      48.9160      19954.0    0.0476846    0.0530806      829.398
     0.954082
      45.7070      212.730      19896.9    0.0564108    0.0575758      637.886
     0.933722
      136.573      253.453      19860.0    0.0567511    0.0573984      643.130
     0.885488
      129.013      61.7177      19850.2    0.0529831    0.0527581      810.562
     0.918003
      4.88734      304.874      19836.3    0.0558471    0.0571227      644.151
     0.971967
      2.85421      70.8536      19818.5    0.0568230    0.0574849      687.705
     0.957163
      166.382      61.6635      19738.4    0.0569865    0.0583303      638.978
     0.933035
      312.320      208.550      19711.5    0.0572458    0.0586119      643.602
     0.950129
      98.4572      75.6375      19662.8    0.0570860    0.0593522      728.546
     0.951223
      141.164      297.974      19643.0    0.0602188    0.0636319      661.031
     0.875695
      186.758      251.501      19593.6    0.0571064    0.0579266      641.217
     0.943752
      66.6952      14.8556      19480.7    0.0574945    0.0583025      636.899
     0.945172
      305.532      76.2152      19470.3    0.0450172    0.0487105      858.486
     0.907704
      41.1037      347.180      19427.4    0.0595695    0.0391853      746.674
     0.958426
      45.3700      129.786      19387.2    0.0578224    0.0588889      637.785
     0.936701
      243.643      29.4632      19312.3    0.0582674    0.0589666      642.489
     0.961128
      129.203      235.129      19262.6    0.0577121    0.0586355      635.723
     0.861992
      103.158      328.969      19252.6    0.0807141    0.0696239      779.309
     0.846797
      265.736      177.034      19120.9    0.0584177    0.0590341      635.888
     0.920448
      87.5241      294.307      18948.1    0.0593957    0.0601481      641.752
     0.960210
      80.2150      104.769      18944.4    0.0624604    0.0404836      755.076
     0.960134
      255.473      133.239      18925.4    0.0591701    0.0600130      640.097
     0.942909
      144.347      350.424      18911.7    0.0593346    0.0602595      641.560
     0.938337
      283.212      14.6667      18681.3    0.0597427    0.0614423      637.039
     0.901638
      234.466      101.397      18610.3    0.0605492    0.0614872      642.226
     0.935365
      55.2887      222.025      18494.4    0.0604335    0.0611245      635.843
     0.885668
      144.357      5.47275      18410.2    0.0611257    0.0625784      647.213
     0.939665
      284.322      50.2411      18395.5    0.0608043    0.0617191      638.828
     0.934101
      44.3140      255.023      18163.1    0.0614890    0.0621536      636.079
     0.957121
      214.710      127.648      18107.2     0.111816    0.0748184      964.745
     0.813532
      80.1027      239.249      18101.7     0.100482    0.0752171      903.559
     0.855933
      317.595      46.9598      18028.2    0.0622136    0.0626897      637.494
     0.937853
      108.503      344.088      17954.6    0.0624885    0.0629796      638.765
     0.975935
      76.5130      190.226      17879.0    0.0629066    0.0636087      640.608
     0.940978
      93.8961      222.626      17647.2    0.0630423    0.0651000      636.287
     0.915505
      52.5174      278.720      17563.0    0.0640386    0.0652599      639.932
     0.940034
      160.915      104.703      17483.4    0.0634588    0.0654111      635.527
     0.951262
      289.195      128.928      17423.2    0.0637589    0.0648275      634.635
     0.938645
      84.9575      140.863      17421.2    0.0686008    0.0646671      716.833
     0.930375
      252.333      363.487      17365.6    0.0647533    0.0670067      665.701
     0.950596
      350.786      48.4104      17291.8    0.0642759    0.0675435      731.557
     0.913262
      262.322      289.004      17290.0    0.0397069    0.0729862      796.886
     0.930467
      145.057      140.525      17237.9    0.0707815    0.0707990      660.549
     0.937282
      302.911      44.2672      17217.9    0.0736173    0.0715564      695.994
     0.881159
      116.586      303.058      17197.0    0.0652114    0.0656559      637.915
     0.962835
      177.551      235.029      17178.5    0.0654002    0.0658264      647.849
     0.942829
      307.890      228.977      17167.7    0.0650782    0.0648485      709.784
     0.947087
      104.769      127.763      17152.3    0.0651325    0.0665547      636.728
     0.909006
      352.234      208.023      17133.8    0.0931223    0.0731238      939.582
     0.745911
      46.4164      261.765      17121.9    0.0655165    0.0667700      638.379
     0.938083
      78.0047      205.234      17100.2    0.0462360    0.0659992      805.612
     0.927730
      302.573      311.376      17098.6    0.0658686    0.0667067      642.339
     0.954347
      354.157      97.1323      17088.7    0.0648945    0.0660493      635.248
     0.848808
      156.540      319.750      17071.3    0.0893617     0.113538      932.240
     0.877604
      296.864      155.844      17063.6    0.0752822    0.0656237      692.185
     0.935663
      139.688      283.507      17029.5    0.0660135    0.0676100      639.445
     0.763121
      133.739      51.0511      16990.0    0.0657933    0.0665011      636.000
     0.903618
      89.0751      85.1654      16933.9    0.0653104    0.0666914      634.951
     0.957338
      209.396      326.251      16885.6    0.0678873    0.0738953      652.242
     0.888762
      131.640      122.551      16865.4    0.0615018    0.0682349      738.521
     0.976681
      358.929      189.991      16746.3    0.0482124    0.0710648      808.865
     0.951237
      32.4919      338.222      16682.5    0.0671797    0.0681174      639.837
     0.946709
      336.948      75.7805      16674.0    0.0667139    0.0685699      634.494
     0.890207
      9.44524      273.891      16456.6    0.0680638    0.0689359      647.609
     0.962652
      214.481      271.571      16423.3    0.0727184     0.114575      901.038
     0.908168
      204.044      199.615      16341.3     0.126582    0.0767125      1099.10
     0.811918
      158.469      317.641      16333.9     0.133369    0.0945484      1068.60
     0.919029
      296.900      219.745      16328.7    0.0679387    0.0698605      635.253
     0.822597
      152.189      28.5945      16236.6    0.0686703    0.0708002      637.220
     0.932398
      291.220      239.887      16194.1    0.0713946    0.0723323      752.526
     0.875390
      310.775      263.545      16123.2    0.0527338    0.0725723      747.826
     0.948443
      23.3479      210.734      16114.3    0.0712776    0.0731863      740.958
     0.895194
      224.098      12.4478      16101.4    0.0689168    0.0705208      638.888
     0.930234
      245.210      133.939      16049.3    0.0692678    0.0703633      634.779
     0.928329
      188.447      64.2957      16022.0    0.0629223    0.0766187      768.503
     0.825727
      48.4417      292.212      15972.6    0.0702791    0.0711954      639.454
     0.936554
      323.216      59.9264      15961.7    0.0697677    0.0709104      646.791
     0.911285
      148.551      208.186      15901.3    0.0864737    0.0907532      732.206
     0.785166
      354.804      139.134      15875.2     0.111409    0.0802873      886.746
     0.893432
      147.075      327.635      15847.7    0.0701338    0.0725153      635.862
     0.932058
      173.351      131.272      15823.2    0.0998049    0.0814814      818.401
     0.873072
      164.981      279.279      15811.0    0.0699942    0.0717241      636.463
     0.915806
      129.450      93.9315      15769.8    0.0755681    0.0769725      691.835
     0.794277
      165.131      297.537      15709.7    0.0708139    0.0731745      636.757
     0.931864
      201.391      213.523      15704.8    0.0723320    0.0723969      646.464
     0.881341
      3.57237      198.846      15633.0    0.0722658    0.0729426      668.745
     0.946389
      205.521      171.348      15591.2    0.0722702    0.0732158      642.349
     0.918133
      162.202      162.419      15589.1     0.109920     0.120391      1383.63
     0.766926
      321.524      121.034      15577.3    0.0720492    0.0725474      638.199
     0.955107
      194.929      25.6312      15577.2    0.0712427    0.0736376      635.961
     0.948227
      31.2757      69.5129      15572.1    0.0720191    0.0740039      638.572
     0.898452
      180.643      118.002      15569.6    0.0725565    0.0726058      639.889
     0.907941
      272.244      337.211      15519.0    0.0717796    0.0729748      637.455
     0.900792
      32.5667      306.741      15516.9    0.0726748    0.0739604      639.391
     0.938651
      87.6892      49.8051      15506.7    0.0723009    0.0734928      637.430
     0.906293
      127.985      338.817      15495.3    0.0713566    0.0732566      634.033
     0.947601
      161.700      116.353      15492.5    0.0841984    0.0739132      656.424
     0.928899
      174.425      266.683      15449.9    0.0727765    0.0744408      639.209
     0.932331
      271.511      227.303      15445.7    0.0737200    0.0739025      644.576
     0.884681
      361.208      337.002      15437.2    0.0842256    0.0874317      712.157
     0.716970
      360.296      354.442      15415.5    0.0746099    0.0606180      792.547
     0.937718
      146.927      200.547      15371.7    0.0724979    0.0750025      636.338
     0.872062
      180.287      97.4584      15356.7    0.0741058    0.0742260      641.806
     0.901484
      334.460      332.678      15330.0    0.0732946    0.0749992      639.471
     0.909988
      102.202      72.9088      15318.3    0.0737267    0.0743294      639.389
     0.862885
      14.3098      48.5520      15312.1    0.0732646    0.0752451      638.865
     0.771445
      210.939      310.979      15272.2    0.0724034    0.0737821      633.393
     0.903181
      191.028      322.671      15239.0    0.0936085    0.0871821      739.935
     0.879277
      218.394      89.1820      15237.4    0.0842163    0.0778083      677.461
     0.902514
      42.9813      147.109      15180.7    0.0671008    0.0754278      754.278
     0.907029
      219.823      24.4953      15164.0    0.0764076    0.0819683      714.679
     0.915768
      290.543      362.966      15146.4    0.0742840    0.0745111      655.662
     0.966007
      331.789      105.280      15145.9    0.0756860    0.0991584      757.361
     0.826821
      209.318      241.809      15138.6    0.0752234    0.0766070      697.272
     0.925794
      316.281      78.1287      15137.7    0.0588732    0.0803144      793.966
     0.902661
      8.37000      340.933      15119.8    0.0740006    0.0748452      636.665
     0.940291
      167.923      188.482      15104.9    0.0734835    0.0751020      639.104
     0.900904
      244.102      42.8233      15095.2    0.0959602    0.0542857      806.094
     0.928650
      194.369      163.615      15084.4    0.0954587    0.0773722      707.234
     0.931022
      10.3195      101.774      15074.7    0.0757145    0.0772860      719.508
     0.797164
      363.585      203.294      15009.2    0.0772231    0.0761422      673.469
     0.933284
      170.341      99.0464      15008.0    0.0751446    0.0753857      639.523
     0.903146
      347.850      234.561      15002.3    0.0742914    0.0766370      637.125
     0.960581
      164.577      168.445      14994.1    0.0755368    0.0764144      652.177
     0.893218
      234.794      123.740      14987.6    0.0772931    0.0767602      640.710
     0.910112
      301.843      353.181      14983.1    0.0741756    0.0755048      636.121
     0.953553
      52.4834      171.786      14970.4    0.0749353    0.0763246      638.545
     0.929513
      305.986      36.0392      14967.2    0.0735669    0.0749956      633.312
     0.888804
      335.405      241.552      14950.0    0.0752278    0.0771376      639.827
     0.945055
      167.084      201.377      14940.0    0.0743282    0.0763654      650.237
     0.903103
      104.979      335.632      14932.5    0.0742573    0.0768273      635.676
     0.941520
      199.668      150.569      14910.9    0.0784489    0.0877366      705.207
     0.803864
      9.49143      251.179      14873.1    0.0758842    0.0763207      639.673
     0.762937
      352.212      307.519      14853.7    0.0751704    0.0774338      637.724
     0.930146
      168.848      14.8713      14838.4    0.0748312    0.0763039      634.695
     0.928659
      349.790      62.6550      14810.5    0.0755104    0.0775768      637.413
     0.924969
      201.311      147.248      14800.6    0.0765252    0.0670973      741.642
     0.922877
      63.7584      105.230      14798.9    0.0934634    0.0961492      776.731
     0.830329
      308.665      307.897      14755.5    0.0765589    0.0782080      645.631
     0.953714
      34.3115      312.823      14745.8    0.0758632    0.0772060      636.811
     0.926744
      130.825      105.080      14742.6    0.0753684    0.0764783      635.097
     0.934370
      62.8422      93.3875      14739.0    0.0755500    0.0771478      639.102
     0.955809
      62.7262      111.773      14736.1    0.0759624    0.0774429      637.245
     0.918316
      362.164      85.4198      14732.4    0.0755568    0.0775081      651.097
     0.934766
      36.7886      104.961      14701.2    0.0757894    0.0768182      635.018
     0.805784
      11.6137      188.316      14697.7    0.0765609    0.0775408      641.165
     0.930759
      199.371      279.704      14598.0     0.124322    0.0868597      899.331
     0.909888
      225.356      298.566      14564.7    0.0833731     0.115491      766.760
     0.778474
      130.454      14.5183      14524.4    0.0774483    0.0794023      640.216
     0.951050
      56.1927      286.572      14521.8    0.0768329    0.0792221      637.375
     0.935294
      213.486      218.761      14516.4    0.0772867    0.0788269      638.811
     0.928344
      29.3982      215.700      14482.5     0.124310    0.0868508      805.696
     0.900827
      4.48004      242.669      14477.5    0.0781102    0.0795091      657.014
     0.945493
      201.084      354.315      14370.1    0.0562152    0.0819994      747.394
     0.935435
      294.876      208.157      14366.1    0.0771410    0.0785758      635.436
     0.859570
      69.8307      245.368      14338.6    0.0826910    0.0510002      758.756
     0.897564
      192.721      123.368      14250.6    0.0787364    0.0799965      640.540
     0.883781
      345.706      56.0940      14249.1    0.0920103    0.0816405      672.899
     0.901467
      138.490      353.089      14230.7    0.0786728    0.0794995      637.998
     0.927857
      63.3562      138.396      14224.4    0.0788970    0.0801478      641.353
     0.951057
      234.561      358.792      14203.6    0.0793274    0.0805304      646.981
     0.875078
      106.966      61.5200      14165.3    0.0810575     0.100728      717.200
     0.811648
      126.849      90.7201      14124.5    0.0821706    0.0860096      651.925
     0.907013
      253.407      229.525      14123.5    0.0843588    0.0821390      645.367
     0.726590
      65.1727      150.678      14108.4    0.0588062    0.0837129      759.025
     0.908948
      22.7887      87.3709      14065.3    0.0796684    0.0811509      648.516
     0.889824
      248.744      76.1854      14053.2    0.0795218    0.0806106      637.575
     0.906404
      228.580      92.6020      14042.1    0.0803492    0.0821429      640.373
     0.810466
      317.135      276.630      14025.7    0.0792685    0.0818319      636.412
     0.943866
      108.100      321.515      14005.0    0.0793324    0.0820341      636.512
     0.947481
      250.986      110.719      14003.4     0.154764     0.127014      1107.38
     0.719784
      341.146      122.993      13964.6    0.0793332    0.0806697      633.984
     0.931529
      144.062      50.9883      13962.8    0.0815673    0.0829508      713.313
     0.888962
      347.446      78.9093      13961.7    0.0800405    0.0809907      637.333
     0.922525
      222.166      273.194      13955.5    0.0796718    0.0812019      636.212
     0.892502
      13.6040      115.546      13945.1    0.0808097    0.0826556      640.358
     0.945280
      24.5516      67.2970      13928.3    0.0807201    0.0817101      641.442
     0.870173
      189.079      138.305      13911.8    0.0796633    0.0816078      637.071
     0.916604
      306.235      263.594      13886.6    0.0815498    0.0828698      639.249
     0.951802
      304.385      344.450      13881.8    0.0808936    0.0820605      642.149
     0.954201
      288.685      351.136      13853.0    0.0889499    0.0812559      706.235
     0.950214
      358.682      327.318      13818.2    0.0637274    0.0850489      808.565
     0.923647
      252.114      283.881      13814.8    0.0806195    0.0823452      642.355
     0.896861
      183.310      258.795      13813.5     0.114955    0.0880239      755.252
     0.851859
      286.538      41.7720      13813.0    0.0815553    0.0828809      639.293
     0.913226
      16.6425      61.6996      13797.2    0.0814869    0.0831444      639.020
     0.890522
      3.50406      167.332      13797.2    0.0821741    0.0828581      674.012
     0.953419
      337.480      277.599      13795.9    0.0824217    0.0836013      641.218
     0.949552
      93.1422      139.795      13748.7    0.0773106    0.0787250      777.848
     0.865480
      344.123      302.900      13729.6    0.0806665    0.0823190      633.989
     0.887943
      181.007      54.8235      13724.5    0.0805566    0.0793907      717.138
     0.924332
      306.820      244.034      13687.5    0.0811762    0.0823209      634.767
     0.895317
      246.421      140.347      13668.8    0.0955606    0.0841425      714.461
     0.815516
      281.331      326.590      13617.6    0.0834052    0.0737316      720.328
     0.886386
      325.205      194.153      13600.6    0.0817904    0.0831415      636.092
     0.892594
      349.908      212.253      13570.1    0.0821681    0.0843247      640.336
     0.848547
      73.0157      76.1588      13569.8    0.0814160    0.0831878      634.635
     0.856229
      150.890      272.163      13495.9    0.0822757    0.0838708      635.381
     0.939059
      203.808      142.670      13485.3    0.0828301    0.0855294      640.488
     0.855272
      189.507      60.5983      13472.5    0.0553662    0.0864752      871.593
     0.780453
      176.708      328.808      13436.8    0.0834675    0.0848850      637.175
     0.907067
      130.915      139.105      13428.6    0.0825772    0.0841289      634.362
     0.923374
      71.5065      255.131      13412.8    0.0834453    0.0844339      638.568
     0.940897
      152.896      363.300      13390.5    0.0836400    0.0858734      661.032
     0.899922
      249.376      152.575      13366.2     0.100846    0.0869233      663.316
     0.849593
      46.2796      10.3540      13364.1    0.0837065    0.0852111      639.985
     0.919003
      174.251      175.431      13357.9    0.0837591    0.0852818      640.503
     0.909229
      237.201      286.911      13290.7    0.0843760    0.0858305      634.719
     0.903776
      45.3088      80.9868      13282.0    0.0841091    0.0850551      635.932
     0.905261
      72.1051      342.844      13259.8    0.0836507    0.0859082      643.551
     0.883611
      356.632      208.767      13245.0     0.100452     0.118497      1452.74
     0.896751
      313.819      153.285      13228.5    0.0841908    0.0858275      638.058
     0.841370
      296.841      280.226      13209.4     0.115353     0.113871      871.860
     0.866555
      306.552      168.429      13188.5    0.0854171    0.0864509      643.068
     0.919804
      170.584      49.7318      13161.2    0.0914040    0.0970156      730.739
     0.708695
      65.3938      39.5470      13158.8    0.0824546    0.0865458      776.215
     0.921102
      214.759      274.398      13146.3    0.0901771     0.141812      929.125
     0.885206
      29.3527      256.466      13117.1    0.0856285    0.0868585      641.977
     0.866241
      358.982      334.422      13087.4    0.0622654    0.0767390      848.009
     0.928187
      20.4974      234.158      13064.4    0.0862532    0.0870694      639.625
     0.934225
      302.523      178.836      12990.1    0.0869315    0.0882911      639.607
     0.907827
      103.547      197.283      12989.9    0.0866582    0.0877050      641.289
     0.855670
      142.095      18.6540      12973.8    0.0855442    0.0883614      635.868
     0.883330
      61.3549      361.653      12876.9    0.0873162    0.0887919      646.946
     0.904030
      352.930      357.452      12816.2    0.0865613    0.0885713      638.839
     0.930836
      64.7771      344.811      12768.3    0.0893467    0.0900641      642.608
     0.895442
      171.997      4.86696      12757.7    0.0867819    0.0891171      640.946
     0.934693
      284.731      351.604      12735.6    0.0996056    0.0905311      649.078
     0.933224
      248.974      108.885      12714.6     0.143050     0.142713      1120.18
     0.810190
      36.9901      344.048      12659.1    0.0879950    0.0893158      648.969
     0.953806
      286.949      147.754      12654.4    0.0875865    0.0901602      634.832
     0.892939
      181.482      224.719      12628.5    0.0888982    0.0908437      639.203
     0.935469
      363.204      123.106      12612.1    0.0894087    0.0895849      657.642
     0.882994
      256.126      256.421      12596.7     0.108793    0.0787785      828.581
     0.779519
      283.319      28.9012      12596.0    0.0706706    0.0910456      733.750
     0.918686
      213.768      302.855      12566.2    0.0893021    0.0909550      640.940
     0.873996
      357.637      154.124      12481.3    0.0898812    0.0906580      638.094
     0.907494
      331.467      146.293      12405.2     0.110037     0.112140      735.314
     0.742746
      34.2994      248.063      12398.1    0.0900411    0.0910693      636.212
     0.883991
      288.021      24.3844      12376.9    0.0666472    0.0766871      841.694
     0.815955
      32.5180      62.3210      12357.9    0.0910555    0.0922333      641.978
     0.896707
      316.615      300.343      12326.0    0.0916562    0.0930497      642.161
     0.951102
      326.844      68.0242      12302.6    0.0902017    0.0915640      634.422
     0.891771
      7.00495      98.5780      12301.8    0.0920642    0.0947848      643.113
     0.861867
      158.336      220.910      12286.4    0.0910059    0.0921710      636.422
     0.732367
      206.348      35.7655      12240.0    0.0915635    0.0933830      637.756
     0.917282
      256.812      329.051      12189.3    0.0710638    0.0659717      811.434
     0.895235
      232.836      336.046      12176.9     0.100671     0.102532      685.799
     0.844742
      299.847      32.6605      12163.2    0.0915876    0.0943047      636.621
     0.770705
      151.857      122.035      12104.1    0.0916331    0.0930683      634.320
     0.880482
      162.124      151.963      12098.2    0.0920573    0.0937337      633.761
     0.933695
      96.4525      231.579      12062.1    0.0932134    0.0955813      640.055
     0.901889
      308.476      51.3332      12031.9    0.0941063    0.0966986      647.297
     0.887675
      187.387      112.699      11995.6    0.0937206    0.0958201      638.778
     0.855866
      210.357      50.0312      11977.5    0.0934040    0.0943229      636.613
     0.858522
      264.759      294.677      11975.0    0.0934640    0.0958244      637.656
     0.921366
      237.124      14.4584      11956.0    0.0929092    0.0949688      639.216
     0.934978
      206.012      355.962      11950.7    0.0929749    0.0942037      634.724
     0.923329
      114.902      92.1594      11940.5    0.0927547    0.0945797      635.175
     0.864895
      189.611      187.955      11939.7     0.136065     0.126649      993.121
     0.841469
      120.037      258.739      11927.8    0.0928916    0.0957384      634.806
     0.908145
      55.7393      85.5512      11922.2    0.0940693    0.0965780      638.659
     0.919652
      263.353      200.742      11912.2    0.0941350    0.0961083      638.046
     0.899222
      311.179      81.2729      11904.6    0.0940045    0.0956617      651.976
     0.866009
      275.580      344.057      11897.6    0.0958602    0.0950714      639.005
     0.918290
      61.7570      331.268      11877.0    0.0969132     0.131359      753.929
     0.891407
      227.080      311.172      11873.1    0.0932515    0.0952330      635.104
     0.917289
      42.5032      165.945      11859.1    0.0946275    0.0954422      638.180
     0.967490
      114.023      57.1887      11803.7    0.0936383    0.0957581      635.088
     0.882149
      349.083      18.0074      11802.8    0.0936704    0.0954143      633.439
     0.924790
      123.977      120.743      11800.1     0.210588     0.169762      1341.16
     0.881223
      58.9397      281.029      11783.1    0.0937551    0.0954944      633.492
     0.953541
      12.0558      237.607      11755.7    0.0949635    0.0996479      642.297
     0.786576
      66.1107      33.6553      11745.3    0.0945431    0.0976105      635.996
     0.788352
      129.762      76.5485      11718.2    0.0956196    0.0982622      638.345
     0.844206
      179.963      250.946      11717.2    0.0942808    0.0962049      633.246
     0.914665
      77.5995      240.506      11715.0     0.156478     0.117805      954.636
     0.721387
      307.751      201.686      11695.5    0.0957385    0.0980693      637.767
     0.748712
      320.390      213.245      11662.6     0.103818    0.0993180      648.003
     0.878776
      348.775      88.6557      11618.6    0.0962433    0.0988051      637.626
     0.873717
      305.744      194.856      11580.0    0.0964949    0.0980240      636.235
     0.926594
      297.959      269.759      11538.1    0.0961476    0.0992897      636.293
     0.875095
      300.504      154.788      11503.4     0.114123     0.100370      659.760
     0.810073
      89.2296      141.801      11499.2     0.110084    0.0995645      642.504
     0.762295
      78.3838      109.920      11483.7    0.0976141    0.0993106      639.779
     0.879525
      254.975      299.784      11432.7     0.105196     0.101449      647.946
     0.937264
      91.3728      32.7111      11411.9    0.0986928     0.100719      641.465
     0.836060
      100.650      327.148      11397.3     0.135299     0.119654      813.280
     0.797732
      44.7225      141.326      11372.6    0.0985251     0.100091      639.980
     0.909920
      251.429      315.905      11365.7    0.0985690    0.0997554      637.274
     0.834203
      21.7361      11.1094      11364.2    0.0984050    0.0995260      649.410
     0.910690
      326.401      270.290      11342.8    0.0989332     0.100402      640.362
     0.905031
      69.5618      153.041      11311.3    0.0997256     0.100007      642.930
     0.855471
      214.337      252.010      11303.9     0.102386     0.149358      798.035
     0.867146
      215.283      201.404      11285.3    0.0996054     0.101162      651.412
     0.836749
      218.775      291.918      11258.5    0.0667100    0.0978622      823.539
     0.816607
      243.722      278.273      11248.9     0.102086     0.101121      641.852
     0.744795
      125.260      56.5114      11217.1     0.101426    0.0824830      751.088
     0.918516
      266.550      79.2290      11212.6     0.100299     0.101383      640.422
     0.907301
      338.264      302.226      11184.7    0.0998194     0.101456      637.919
     0.895172
      19.4575      99.8151      11183.3     0.104027     0.101957      639.473
     0.798020
      86.5182      203.431      11164.6     0.100919     0.102169      643.324
     0.870907
      298.064      264.799      11117.1     0.105019    0.0684036      745.751
     0.860849
      353.908      330.347      11091.8     0.100674     0.102694      657.307
     0.883892
      265.980      107.291      11074.9    0.0999068     0.102396      636.629
     0.859330
      102.353      13.9025      11066.9     0.101094     0.102395      636.646
     0.893913
      156.211      67.6435      11052.6     0.100968     0.103914      637.192
     0.864411
      118.727      317.372      11045.7    0.0775179     0.105966      766.525
     0.934619
      241.403      105.857      11013.8     0.139758     0.148842      719.868
     0.807440
      227.504      101.915      10981.0     0.105385     0.103193      639.052
     0.892734
      136.213      121.138      10954.5     0.103628     0.103253      650.343
     0.866286
      355.019      344.706      10941.8     0.101135     0.104402      635.073
     0.887501
      168.507      52.8807      10929.4     0.106777     0.116053      671.336
     0.906434
      216.833      327.639      10913.0     0.102130     0.105161      636.928
     0.776015
      102.318      37.7273      10902.0     0.102761     0.105064      637.799
     0.834663
      28.9723      267.528      10864.9     0.102096     0.105708      636.128
     0.933533
      78.7464      27.3854      10861.8     0.103085     0.104830      640.403
     0.714494
      275.995      350.027      10798.5     0.102202     0.104189      633.243
     0.862600
      93.5495      254.424      10790.3     0.104422     0.105699      643.008
     0.942342
      192.491      4.10588      10767.6     0.104533     0.106230      654.836
     0.931756
      5.22737      177.478      10701.9     0.104617     0.106322      649.031
     0.935806
      349.162      220.450      10680.5     0.105321     0.105412      741.122
     0.860550
      260.995      125.426      10678.1     0.103850     0.107266      635.942
     0.921985
      299.372      82.7735      10664.1     0.105201     0.107204      637.922
     0.804396
      156.514      267.204      10644.9     0.105748     0.106854      640.222
     0.851729
      127.369      129.741      10634.2     0.105524     0.107704      638.199
     0.887725
      290.015      104.805      10626.6     0.104048     0.106898      634.123
     0.931455
      53.0906      143.689      10626.6     0.104377     0.107696      635.555
     0.908169
      24.3008      354.267      10611.3     0.124197     0.107775      659.439
     0.874571
      6.53630      118.340      10593.5     0.106261     0.107628      642.180
     0.822921
      25.2704      249.452      10563.6     0.105927     0.107728      640.919
     0.848368
      69.2393      316.789      10557.4    0.0804488     0.109519      738.458
     0.855563
      334.579      82.9054      10527.0     0.106689     0.107699      637.859
     0.844150
      322.614      238.309      10484.0     0.107298     0.108663      641.060
     0.875559
      31.5766      286.678      10473.5     0.107962     0.110166      639.841
     0.897264
      256.527      261.389      10471.1     0.110494     0.113488      656.528
     0.783489
      17.3437      250.762      10469.4     0.107102     0.109247      637.762
     0.866425
      150.957      210.821      10464.7     0.101259     0.110328      743.763
     0.850092
      31.2335      211.753      10399.8    0.0763436     0.120999      840.370
     0.848260
      5.56336      129.923      10393.5     0.107999     0.108939      637.884
     0.908987
      248.174      88.6464      10372.9     0.107374     0.110657      636.709
     0.772944
      216.722      117.230      10366.0    0.0830010     0.111934      766.592
     0.848353
      119.743      103.803      10349.4     0.108043     0.110052      636.709
     0.834668
      168.418      207.548      10338.3     0.108807     0.111564      639.914
     0.898429
      264.944      274.817      10331.1     0.109814     0.110723      718.211
     0.794097
      340.511      270.468      10299.3     0.109002     0.110615      642.991
     0.898612
      352.539      322.378      10269.5     0.109655     0.111063      642.613
     0.920691
      262.090      211.138      10262.3     0.108249     0.110302      639.575
     0.858280
      211.036      193.678      10261.0     0.108298     0.111909      635.350
     0.911516
      110.349      39.1833      10215.4     0.109605     0.111020      638.244
     0.907085
      111.951      241.500      10196.6     0.111646     0.112644      651.653
     0.849176
      107.007      311.934      10165.4     0.153179     0.123444      772.424
     0.891218
      288.079      290.962      10161.9     0.108738     0.110857      633.373
     0.868046
      20.0378      339.154      10145.5     0.108889     0.111225      634.599
     0.917425
      153.778      37.8454      9959.09     0.112011     0.114013      635.847
     0.888898
      184.743      289.730      9946.32     0.112630     0.115150      637.375
     0.875056
      118.756      357.323      9942.31    0.0915909    0.0871150      872.488
     0.903326
      26.3381      214.953      9920.35    0.0740632     0.114303      841.538
     0.836194
      53.9363      189.925      9913.18     0.104966     0.114618      743.629
     0.876179
      141.214      45.4371      9892.33     0.112804     0.114994      640.090
     0.851900
      298.212      95.8301      9879.77     0.112827     0.115505      643.995
     0.893759
      185.866      95.8519      9849.40     0.112727     0.115141      634.627
     0.918666
      69.5027      239.603      9830.04     0.114574     0.117897      642.850
     0.910506
      189.815      328.348      9788.94     0.124036    0.0768755      771.017
     0.914029
      289.454      234.726      9777.62     0.115345     0.118665      645.463
     0.885234
      73.4281      208.909      9703.66     0.115905     0.117049      643.821
     0.864588
      99.0756      300.427      9683.41     0.114512     0.117291      638.552
     0.940376
      66.4302      282.123      9676.25     0.115771     0.116996      638.104
     0.919358
      211.612      119.597      9667.90     0.117146     0.119371      643.147
     0.865301
      46.6137      150.271      9624.71     0.117893     0.119166      647.880
     0.827271
      293.187      296.925      9609.78     0.115840     0.117826      634.547
     0.905750
      218.377      212.481      9595.74     0.117917     0.120045      641.924
     0.869740
      347.324      73.1054      9586.72     0.116627     0.117962      636.934
     0.856470
      159.487      350.808      9571.75     0.117375     0.119148      639.180
     0.818466
      300.617      138.756      9567.29     0.117550     0.119581      638.769
     0.851546
      153.804      257.174      9537.41    0.0876537     0.108420      800.815
     0.787029
      48.9027      321.662      9524.06     0.116607     0.120316      635.982
     0.864537
      149.038      252.660      9521.68     0.116589     0.120428      647.162
     0.751704
      29.0459      234.083      9475.74     0.116623     0.118921      633.759
     0.883237
      250.174      140.356      9463.54     0.140755     0.120822      662.561
     0.909493
      136.454      185.433      9461.15     0.123348     0.191210      824.197
     0.788177
      363.940      187.202      9434.60     0.122468     0.120774      681.637
     0.873193
      356.874      292.212      9386.34     0.118222     0.120595      636.242
     0.925373
      49.0183      22.5251      9370.20     0.118342     0.122555      636.075
     0.923993
      135.035      315.590      9358.09     0.118481     0.122681      635.926
     0.821165
      73.6151      317.809      9343.38     0.121772     0.122135      641.545
     0.828294
      287.524      29.5756      9293.36     0.124336     0.124297      646.061
     0.892034
      290.806      229.892      9288.87     0.125003     0.119955      758.888
     0.862245
      110.874      107.869      9257.02     0.119777     0.122269      634.404
     0.831330
      83.7910      209.650      9253.37     0.120928     0.124256      637.456
     0.850681
      46.4189      362.192      9168.97     0.122442     0.122442      648.190
     0.940824
      333.389      187.239      9089.67     0.128543     0.123910      720.032
     0.754104
      120.533      11.6017      9081.78     0.124145     0.126942      640.726
     0.875543
      329.356      340.949      9081.48     0.105382     0.124682      764.286
     0.837395
      300.112      41.7552      9058.72     0.137033     0.136530      672.160
     0.741129
      38.1201      219.747      9054.16     0.120902     0.126355      715.172
     0.748058
      18.8193      289.649      9013.64     0.124160     0.127752      637.037
     0.819196
      109.782      313.331      9001.02     0.174907     0.141474      795.391
     0.867033
      97.8689      240.629      8968.85     0.124116     0.128029      636.553
     0.823359
      49.9236      186.476      8904.43     0.125421     0.129293      641.206
     0.878733
      107.545      252.408      8897.74     0.126623     0.128205      642.916
     0.895596
      43.1361      341.926      8865.54     0.125515     0.129330      636.454
     0.907431
      121.365      215.839      8813.33     0.127061     0.129057      637.204
     0.864422
      333.831      148.671      8812.49     0.151031     0.154473      738.593
     0.778047
      246.161      47.4703      8747.67     0.148055     0.218245      946.319
     0.888845
      189.427      338.284      8744.90     0.128453     0.130346      640.504
     0.849576
      61.6397      162.754      8720.87     0.129323     0.131581      643.692
     0.884473
      181.909      58.9153      8719.45     0.157702     0.138894      672.675
     0.828873
      361.202      102.991      8713.63     0.127486     0.129375      634.629
     0.848356
      99.2592      293.073      8707.18     0.127987     0.129624      635.810
     0.840831
      189.167      357.142      8689.59     0.127715     0.129986      635.535
     0.879937
      251.645      16.5216      8685.10     0.142655     0.131611      652.510
     0.871017
      256.124      252.804      8675.34     0.128451     0.160261      680.917
     0.709750
      356.806      58.5910      8669.30     0.128906     0.132699      637.577
     0.760785
      304.523      145.436      8663.10     0.130015     0.131604      643.307
     0.863694
      141.109      54.2331      8660.93     0.130398     0.134801      645.648
     0.816779
      280.015      298.189      8655.95     0.127733     0.130617      635.046
     0.787969
      119.621      42.4831      8633.72     0.130396     0.131818      642.866
     0.811608
      214.302      176.458      8627.90     0.129934     0.131994      641.346
     0.844683
      113.765      351.716      8614.78     0.130474     0.133401      659.046
     0.881445
      178.611      140.342      8551.27     0.131627     0.133337      641.569
     0.767819
      297.142      17.8496      8544.00     0.129791     0.132678      634.523
     0.808628
      47.3089      243.081      8516.63     0.131157     0.132652      636.495
     0.901500
      105.854      64.7080      8498.98     0.136919     0.168809      693.969
     0.869008
      135.396      328.343      8482.50     0.132352     0.134401      641.063
     0.885459
      69.1571      135.047      8478.94     0.130749     0.132880      634.342
     0.873068
      189.218      348.209      8463.54     0.131566     0.133878      637.088
     0.862408
      362.795      359.048      8439.48     0.133815     0.135071      656.337
     0.926398
      196.927      182.844      8437.85     0.131437     0.134564      634.042
     0.726928
      362.842      130.111      8408.11     0.133565     0.134528      652.682
     0.833485
      317.132      97.2971      8390.92     0.132306     0.135326      637.419
     0.829117
      189.196      301.120      8368.30     0.131971     0.129164      798.325
     0.850514
      155.039      212.668      8290.48     0.124602     0.120120      794.130
     0.829912
      225.188      179.933      8251.10     0.135685     0.136957      635.163
     0.859235
      345.028      107.065      8251.06     0.133783     0.136414      633.536
     0.792865
      96.5469      135.941      8238.79     0.136417     0.138034      645.138
     0.822153
      3.73843      36.1972      8235.26     0.135975     0.137899      664.612
     0.708401
      20.2865      213.594      8217.60     0.147231    0.0907810      783.288
     0.857484
      224.198      156.487      8206.90     0.135862     0.138362      640.271
     0.859752
      223.985      40.4401      8199.63     0.136381     0.138648      639.113
     0.759300
      299.765      105.637      8197.42     0.136537     0.140184      637.886
     0.924385
      212.200      100.285      8190.38     0.135981     0.138713      638.019
     0.816922
      57.0501      69.8969      8177.48     0.135118     0.138141      633.462
     0.789580
      3.76934      218.321      8162.93     0.137202     0.139734      665.443
     0.827616
      296.793      179.268      8155.77     0.136372     0.138779      651.246
     0.787806
      114.440      319.582      8052.44     0.140154     0.143534      644.328
     0.875907
      328.573      10.6393      8040.03     0.140229     0.143252      640.200
     0.805203
      348.983      28.3974      8034.10     0.137860     0.141363      638.030
     0.859476
      350.170      184.908      8007.98     0.138716     0.141407      647.175
     0.871810
      39.5291      73.3141      8000.12     0.140671     0.142458      641.841
     0.840397
      113.403      189.417      7996.53     0.140486     0.142595      642.015
     0.825939
      317.845      159.941      7991.18     0.138896     0.141202      634.344
     0.818639
      3.90710      140.919      7983.47     0.138653     0.141657      657.526
     0.867263
      221.998      27.8305      7981.07     0.144132     0.155617      655.736
     0.826022
      127.666      51.7483      7944.02     0.141530     0.144987      642.118
     0.768702
      188.568      172.509      7927.01     0.142431     0.145600      640.734
     0.874519
      231.966      163.752      7924.02     0.139680     0.143843      634.723
     0.781037
      198.216      42.8570      7914.80     0.140627     0.143317      635.339
     0.856241
      281.330      330.906      7904.27     0.141930     0.148379      639.387
     0.872729
      339.343      345.438      7902.10     0.141983     0.144163      641.651
     0.876041
      331.848      108.470      7893.30     0.145550     0.196552      738.567
     0.830956
      285.899      155.478      7872.01     0.293945     0.159360      1370.68
     0.701603
      42.4442      219.865      7836.41     0.152002     0.145066      640.350
     0.813697
      206.652      123.538      7829.63     0.142397     0.147076      640.217
     0.788353
      194.089      111.226      7819.10     0.148019     0.196718      742.869
     0.758283
      195.047      84.7608      7811.29     0.141711     0.145879      634.627
     0.845272
      281.722      63.5178      7795.76     0.144008     0.147708      638.963
     0.734106
      199.213      325.592      7766.86     0.144284     0.148625      637.551
     0.780830
      222.368      341.773      7751.66     0.144836     0.147611      637.896
     0.801514
      84.5471      122.316      7740.82     0.151783     0.167131      680.802
     0.752597
      92.8231      301.932      7740.61     0.143583     0.145877      634.661
     0.763732
      266.537      347.115      7721.27     0.145457     0.146604      638.883
     0.791814
      89.8043      132.729      7720.33     0.144572     0.148191      636.583
     0.865368
      268.775      275.198      7718.66     0.161961     0.147265      652.767
     0.707580
      193.459      304.474      7711.39     0.200812     0.152744      742.850
     0.846162
      147.310      316.319      7642.94     0.149924     0.151169      655.077
     0.782664
      88.2422      155.323      7613.99     0.146742     0.149475      646.674
     0.859898
      223.496      211.763      7610.47     0.147757     0.150356      639.652
     0.752407
      347.273      45.8411      7580.87     0.152203     0.151859      647.408
     0.742471
      232.789      293.593      7579.99     0.147745     0.151981      637.797
     0.832891
      326.596      361.993      7562.76     0.148604     0.147639      646.071
     0.868942
      44.5122      201.597      7547.39     0.149414     0.152833      640.864
     0.888736
      126.200      181.083      7517.80     0.147856     0.150075      635.196
     0.819579
      116.548      297.448      7503.44     0.150170     0.151920      643.259
     0.891880
      336.586      204.664      7469.94     0.150804     0.153953      639.910
     0.861039
      167.113      221.256      7452.79     0.148793     0.152152      645.756
     0.770625
      330.578      190.398      7419.08     0.155762     0.159268      647.810
     0.797595
      13.5955      204.227      7408.15     0.151876     0.153523      639.980
     0.851829
      207.381      110.261      7404.06     0.151474     0.153662      639.738
     0.853932
      297.769      341.133      7398.87     0.150728     0.152742      636.476
     0.890686
      25.3740      304.225      7392.38     0.151713     0.153796      639.152
     0.833129
      150.684      216.906      7380.38     0.151931     0.153857      643.320
     0.832820
      155.661      158.791      7373.16     0.152917     0.155346      649.713
     0.709380
      58.7624      126.225      7371.13     0.151512     0.153874      637.914
     0.837145
      286.495      214.897      7350.08     0.153166     0.154833      638.483
     0.868798
      193.455      224.419      7342.12     0.153045     0.155350      642.365
     0.871687
      69.4252      42.7576      7305.99     0.154990     0.157094      644.194
     0.858387
      68.6848      81.7337      7301.73     0.153698     0.156767      638.182
     0.885866
      223.279      6.06794      7290.83     0.153131     0.154978      636.007
     0.802687
      80.1715      330.460      7241.20     0.155148     0.158464      637.705
     0.830795
      184.224      65.1056      7220.10     0.160022     0.156484      651.254
     0.807599
      158.294      361.419      7209.39     0.155514     0.163253      646.894
     0.832248
      283.848      55.5581      7164.89     0.155601     0.160499      637.161
     0.782946
      230.360      338.672      7152.02     0.170019     0.173654      673.170
     0.761361
      20.5051      219.417      7137.06     0.158398     0.160541      653.080
     0.855580
      177.991      181.969      7074.06     0.156070     0.159207      633.115
     0.765725
      163.271      332.690      7046.66     0.158734     0.162767      637.584
     0.784843
      54.5854      295.835      7030.42     0.167805     0.257032      850.058
     0.739257
      178.152      104.746      7027.01     0.158168     0.162486      635.615
     0.790415
      5.21141      226.634      6968.36     0.160608     0.165171      645.724
     0.849423
      212.426      238.515      6916.15     0.164647     0.169311      643.836
     0.862032
      184.210      266.384      6909.14     0.161440     0.164734      639.474
     0.740583
      28.2228      44.0103      6838.27     0.162623     0.164872      634.936
     0.887582
      230.671      13.9087      6820.60     0.164309     0.166091      636.818
     0.754998
      174.403      275.112      6817.89     0.165199     0.167741      641.411
     0.825083
      359.909      279.067      6780.86     0.163514     0.168637      636.798
     0.850640
      244.827      352.285      6776.03     0.164328     0.167585      637.944
     0.783719
      224.224      295.609      6758.80     0.180086     0.244157      793.578
     0.753918
      225.110      199.342      6741.72     0.164872     0.168832      637.833
     0.862243
      334.008      45.5760      6714.45     0.165128     0.171028      635.934
     0.852510
      53.8507      249.790      6697.28     0.165984     0.169968      635.366
     0.820498
      10.1093      74.5561      6677.05     0.166448     0.172125      636.504
     0.801469
      24.1730      199.552      6666.49     0.167356     0.172681      637.210
     0.733400
      39.7902      188.678      6629.82     0.168577     0.173062      637.222
     0.798642
      345.633      223.683      6627.76     0.171124     0.174370      642.437
     0.913396
      65.9100      217.289      6607.34     0.167810     0.171710      637.053
     0.849411
      9.76237      16.5841      6528.92     0.171533     0.176255      638.222
     0.850228
      97.3075      5.36250      6444.58     0.174240     0.178474      645.934
     0.810268
      112.279      266.806      6430.72     0.173713     0.177122      636.575
     0.847159
      341.858      235.014      6356.54     0.174432     0.177178      634.201
     0.859928
      113.209      235.017      6241.10     0.178006     0.180576      634.746
     0.806049
      354.038      244.531      6158.31     0.180100     0.186494      636.115
     0.817959
      220.027      166.585      6096.62     0.181853     0.188323      635.919
     0.843248
      262.341      133.429      6092.94     0.185162     0.190202      646.481
     0.704891
      324.767      343.682      6042.30     0.186058     0.190341      640.635
     0.764710
      267.620      287.590      5820.57     0.195152     0.197798      641.545
     0.727508
      252.068      324.216      5745.67     0.192847     0.197235      649.207
     0.746697
      182.143      319.128      5730.07     0.194565     0.198114      634.993
     0.751370
      57.6840      307.727      5709.14     0.196651     0.200628      638.255
     0.811549
      139.042      206.781      5703.99     0.204440     0.206931      694.038
     0.746588
      303.657      229.546      5655.97     0.213147     0.203891      643.228
     0.824429
      71.7003      49.4711      4944.22     0.227059     0.230090      641.841
     0.750607
      158.291      249.590      4920.76     0.227709     0.233969      638.440
     0.748491
      173.223      338.546      4762.63     0.234650     0.241677      637.811
     0.741333
